38.54826969,-121.4278799
38.54590243,-121.4574761
38.5732988,-121.4135687
38.5410297,-121.4410246
38.57891009,-121.4780915
38.56737967,-121.4786515
38.58535847,-121.4868954
38.5149777,-121.4351262
38.61842097,-121.4835074
38.55924745,-121.4875413
38.57306779,-121.4550798
38.65568296,-121.5436137
38.51427486,-121.5276299
38.54504586,-121.4820839
38.58047622,-121.4795213
38.53249542,-121.5199373
38.55402191,-121.4277708
38.58198348,-121.4709815
38.57221296,-121.4954827
38.60873755,-121.5262517
38.48927466,-121.4917258
38.52145848,-121.4163888
38.48927466,-121.4917258
38.56746233,-121.5005108
38.56914993,-121.4066144
38.60058081,-121.4308265
38.6252419,-121.4737513
38.55700746,-121.4676206
38.61989556,-121.4934617
38.57195861,-121.4621644
38.49225256,-121.4778443
38.6698014,-121.4943818
38.51698361,-121.4331601
38.62445802,-121.4515682
38.62275189,-121.4642874
38.48500037,-121.4747775
38.60933262,-121.4948736
38.55720151,-121.4758443
38.54106323,-121.47576
38.57950174,-121.4545409
38.61138598,-121.4472415
38.5393455,-121.4664168
38.47620565,-121.5164382
38.47927911,-121.4292813
38.58370044,-121.5008344
38.59818409,-121.4326056
38.57253205,-121.4656229
38.61266409,-121.4988152
38.51721654,-121.4398269
38.66259811,-121.5095521
38.61284481,-121.5050821
38.54120868,-121.4703152
38.53337899,-121.4694958
38.63751254,-121.4059613
38.6231314,-121.4573294
38.57492438,-121.4687391
38.52903833,-121.4672524
38.57642774,-121.4848294
38.58472227,-121.4858505
38.60969712,-121.5218778
38.57578291,-121.4788
38.53881527,-121.479014
38.64316291,-121.4745819
38.52961332,-121.5155975
38.64742572,-121.4546163
38.54726509,-121.4552803
38.68221008,-121.4981332
38.56641822,-121.4828556
38.48111328,-121.479896
38.51114789,-121.4449316
38.55055914,-121.4698297
38.60993872,-121.4947013
38.49587823,-121.5443344
38.54029357,-121.4743742
38.47343882,-121.4572928
38.50878308,-121.4754064
38.65623705,-121.4401384
38.64317482,-121.425595
38.62011633,-121.4893334
38.60088271,-121.4352821
38.52049693,-121.5182564
38.45814178,-121.428371
38.53555587,-121.4957557
38.63589608,-121.5055312
38.60803197,-121.4735004
38.5676925,-121.4067455
38.56412181,-121.417918
38.60921393,-121.4358495
38.63015516,-121.4259204
38.64420903,-121.5129034
38.62757407,-121.5383574
38.53366299,-121.4739615
38.63445879,-121.448687
38.48285946,-121.5029365
38.51030591,-121.4787921
38.51911369,-121.4158942
38.5357494,-121.4966878
38.61273956,-121.4978558
38.55913053,-121.4785789
38.5235828,-121.4886957
38.57097214,-121.4905456
38.49071157,-121.4881693
38.4702938,-121.4347565
38.6597047,-121.4377717
38.57110548,-121.4018971
38.67841269,-121.5385043
38.67841269,-121.5385043
38.67841269,-121.5385043
38.67841269,-121.5385043
38.46002107,-121.4252618
38.4816794,-121.4898585
38.55197203,-121.4370014
38.52823386,-121.4456482
38.63548679,-121.4529572
38.63570472,-121.4537502
38.62911104,-121.497905
38.52676399,-121.4965275
38.49079493,-121.4859152
38.6268322,-121.4461521
38.54146374,-121.4666597
38.60546971,-121.4293772
38.57463591,-121.4759366
38.5234355,-121.4340596
38.48746096,-121.4564107
38.48476586,-121.4967571
38.63026551,-121.483187
38.54047367,-121.4557168
38.53085892,-121.4960651
38.47883261,-121.4356566
38.57057941,-121.4661587
38.55684916,-121.4525249
38.62350787,-121.4423556
38.58314743,-121.4974099
38.58203886,-121.5046032
38.57037029,-121.4885667
38.52698794,-121.4801105
38.59851693,-121.4249294
38.52542198,-121.4095681
38.55067948,-121.4661397
38.61112011,-121.4461937
38.6226827,-121.4737527
38.55706875,-121.4149051
38.49257451,-121.4618223
38.54322621,-121.4731603
38.5985901,-121.4286169
38.50892288,-121.4869834
38.49515388,-121.460842
38.56791951,-121.4747617
38.64444404,-121.4576293
38.5857673,-121.4818932
38.55806637,-121.4715924
38.47427504,-121.4465943
38.61744763,-121.5195823
38.63143251,-121.4210511
38.60948534,-121.4229406
38.56722108,-121.4411342
38.62743456,-121.4457869
38.5732988,-121.4135687
38.44879933,-121.4445499
38.49043917,-121.4567514
38.52655721,-121.5014052
38.49114533,-121.528845
38.46193495,-121.4197563
38.47184425,-121.4362357
38.60923272,-121.4564308
38.60527526,-121.4516527
38.48230213,-121.4530858
38.59851693,-121.4249294
38.57011311,-121.4770995
38.56924317,-121.4657874
38.54672494,-121.4467668
38.61112465,-121.4593596
38.54763911,-121.4672009
38.66259811,-121.5095521
38.49702385,-121.5273701
38.55137298,-121.4061503
38.54438307,-121.461998
38.51759447,-121.4250709
38.6191026,-121.5069707
38.61112009,-121.4473381
38.57145746,-121.5017385
38.61062598,-121.4572426
38.56440753,-121.4790335
38.6308389,-121.4769551
38.6625207,-121.5252532
38.51382995,-121.437393
38.62123941,-121.4837565
38.64130735,-121.4424124
38.61002422,-121.5017595
38.48440531,-121.442121
38.5262653,-121.4986703
38.63528307,-121.5297758
38.60154457,-121.42747
38.54106323,-121.47576
38.47421612,-121.42717
38.57488007,-121.4777082
38.61372713,-121.4211494
38.53640731,-121.4772381
38.44697363,-121.4178456
38.63393529,-121.4296009
38.57203045,-121.4670118
38.53362535,-121.4705253
38.61228167,-121.4935963
38.52497346,-121.4425904
38.61766139,-121.5038482
38.47334964,-121.4352353
38.51538948,-121.5255605
38.52394358,-121.5183764
38.58294949,-121.4467727
38.57664767,-121.46491
38.55636527,-121.4380753
38.50442058,-121.5080805
38.60313827,-121.4497795
38.56683909,-121.4439212
38.52506487,-121.4214978
38.53124355,-121.4935943
38.52702876,-121.5076416
38.6270814,-121.4984478
38.52796835,-121.512945
38.49928135,-121.5349062
38.52324849,-121.522261
38.57894325,-121.4654979
38.63228581,-121.4303283
38.54082732,-121.4457601
38.46383938,-121.4195068
38.56833498,-121.4671338
38.52532233,-121.4431889
38.61214382,-121.4618088
38.50673978,-121.4184906
38.61112011,-121.4461937
38.57810996,-121.4852125
38.56723092,-121.4896385
38.56837397,-121.4879409
38.52578019,-121.4103481
38.54871866,-121.4566539
38.60955023,-121.4567993
38.54119328,-121.4663645
38.54031312,-121.4502184
38.51585289,-121.4383522
38.49563049,-121.5060656
38.57432818,-121.4722695
38.62717997,-121.4760509
38.47979104,-121.4875664
38.63651514,-121.4457338
38.533107,-121.4939831
38.58316799,-121.4996207
38.57316266,-121.5049307
38.48973627,-121.5445064
38.57879568,-121.4662476
38.5923559,-121.4926811
38.53966813,-121.476938
38.5288337,-121.5033469
38.57920289,-121.493943
38.54016571,-121.500048
38.5149777,-121.4351262
38.49502052,-121.4815172
38.52982848,-121.4529838
38.57411211,-121.415297
38.60086039,-121.4329623
38.44849277,-121.4267582
38.57248051,-121.4097872
38.66476972,-121.4296482
38.58171423,-121.4987178
38.55385441,-121.4704591
38.63862878,-121.3815598
38.49819435,-121.5545331
38.5527076,-121.469478
38.62744262,-121.4937441
38.58031289,-121.4934629
38.57995276,-121.4921151
38.56452151,-121.4714677
38.66239611,-121.4510275
38.56446191,-121.4550616
38.61547198,-121.4420929
38.5580262,-121.4778666
38.58355816,-121.4965114
38.45051901,-121.4294795
38.51690753,-121.4316473
38.58075911,-121.4801454
38.61975319,-121.4979744
38.48093723,-121.4630104
38.61890556,-121.5000769
38.55443686,-121.4278339
38.58173099,-121.4987842
38.49850804,-121.4809433
38.54611863,-121.4526562
38.58052209,-121.4986248
38.55591735,-121.4754446
38.61013165,-121.4954943
38.58320363,-121.495181
38.46154638,-121.4167524
38.49580633,-121.4737197
38.54656989,-121.4234424
38.51181739,-121.4402677
38.57763429,-121.5020207
38.58207989,-121.5000936
38.61364029,-121.4369555
38.55196871,-121.4564089
38.45186063,-121.4370847
38.47504015,-121.4776557
38.54656989,-121.4234424
38.47427092,-121.441739
38.57960099,-121.4907988
38.44971731,-121.4267274
38.50773512,-121.4762318
38.45400615,-121.428879
38.48934244,-121.4859396
38.63020663,-121.4959999
38.50773512,-121.4762318
38.45400615,-121.428879
38.57138272,-121.4840508
38.63650214,-121.4441654
38.65837227,-121.5018592
38.6075117,-121.5160097
38.61414579,-121.420306
38.52343733,-121.4680072
38.58207989,-121.5000936
38.6144673,-121.4478931
38.63228581,-121.4303283
38.54116339,-121.4676269
38.62783576,-121.4200407
38.57360894,-121.4765457
38.46222175,-121.4321661
38.60343939,-121.4618534
38.51194212,-121.4063559
38.58137649,-121.4974538
38.53499467,-121.4101636
38.6186885,-121.4237902
38.55610171,-121.4629553
38.54392319,-121.4712461
38.55260155,-121.4411123
38.62142182,-121.4212584
38.51181739,-121.4402677
38.61982027,-121.4412574
38.58129991,-121.4825623
38.67696928,-121.5022266
38.56654955,-121.4790738
38.52477943,-121.5081919
38.45700378,-121.4281322
38.48115128,-121.4472502
38.48115128,-121.4472502
38.58026647,-121.4979339
38.5488551,-121.4908853
38.55477924,-121.4715398
38.54436304,-121.467166
38.6017616,-121.4258271
38.56796664,-121.4852542
38.58029569,-121.4907939
38.58062786,-121.5014996
38.57495865,-121.418725
38.48934244,-121.4859396
38.54700614,-121.4633315
38.52199137,-121.4990149
38.4600104,-121.4171002
38.57887553,-121.4789523
38.48849997,-121.4960425
38.64740181,-121.4347279
38.61428854,-121.4947615
38.6111316,-121.4573227
38.65470747,-121.4384169
38.55805348,-121.4790449
38.57920289,-121.493943
38.51181739,-121.4402677
38.47421612,-121.42717
38.49466185,-121.5212433
38.49742308,-121.47238
38.53584406,-121.4458932
38.65981725,-121.5433421
38.67560969,-121.5210466
38.48005429,-121.4722254
38.53364422,-121.4728534
38.50795522,-121.4177433
38.52506487,-121.4214978
38.47826995,-121.46994
38.55982692,-121.4857011
38.53569785,-121.4338435
38.614108,-121.499981
38.55403671,-121.481613
38.6017616,-121.4258271
38.61929621,-121.4487938
38.6115515,-121.4388338
38.51953747,-121.433748
38.63592424,-121.4308978
38.61533547,-121.4578717
38.57003953,-121.4964249
38.56673694,-121.5023171
38.64316291,-121.4745819
38.57918073,-121.495157
38.52149079,-121.3907012
38.57504039,-121.5061034
38.6017616,-121.4258271
38.60388643,-121.5165137
38.50084518,-121.5373071
38.60154457,-121.42747
38.47421612,-121.42717
38.61292566,-121.4932977
38.60154457,-121.42747
38.60907522,-121.4556376
38.52083892,-121.4399243
38.51055016,-121.409083
38.5236977,-121.4128401
38.49252587,-121.4992844
38.60027317,-121.4252477
38.46388056,-121.4372729
38.47385049,-121.4326535
38.46503572,-121.440484
38.47581524,-121.4196575
38.56281979,-121.49564
38.48335233,-121.4533502
38.5105054,-121.435864
38.56180943,-121.4734742
38.5149777,-121.4351262
38.6154909,-121.4494917
38.54676613,-121.4566198
38.55301417,-121.503927
38.48909428,-121.4820179
38.58119335,-121.4944921
38.57003237,-121.475033
38.61992921,-121.4192999
38.53591495,-121.4249688
38.63425266,-121.4177759
38.64018136,-121.4172688
38.63829761,-121.4509995
38.60154457,-121.42747
38.58634838,-121.4909396
38.65821813,-121.4291369
38.53973934,-121.4376713
38.56089163,-121.5050613
38.55069371,-121.4597405
38.49439879,-121.4855643
38.63910642,-121.528
38.57110342,-121.4589599
38.58267837,-121.4906124
38.61260532,-121.420308
38.57357744,-121.4618898
38.48586717,-121.4892835
38.52663815,-121.4149168
38.47551721,-121.499208
38.6226827,-121.4737527
38.57464509,-121.4847093
38.6325808,-121.4814479
38.54245379,-121.4482404
38.54921677,-121.3933213
38.44257636,-121.4353493
38.52475641,-121.4920604
38.56694254,-121.4635138
38.55871113,-121.4490974
38.65063142,-121.4421748
38.44111939,-121.4140666
38.51196547,-121.5323458
38.63615455,-121.5313839
38.5731745,-121.4117998
38.5393973,-121.4753422
38.65356442,-121.4661498
38.50135899,-121.4660122
38.50811974,-121.4348555
38.51198841,-121.4236517
38.60813046,-121.4608872
38.6284372,-121.5324218
38.61093405,-121.4752323
38.63651514,-121.4457338
38.57432259,-121.4789156
38.63700302,-121.5088355
38.61266409,-121.4988152
38.56674052,-121.4886487
38.5467716,-121.458959
38.55103901,-121.4439429
38.47199619,-121.428592
38.52084905,-121.4120841
38.56446867,-121.4665332
38.61490968,-121.5121866
38.53266824,-121.4461521
38.61569463,-121.4922875
38.63262477,-121.4747506
38.57642774,-121.4848294
38.6593321,-121.5231067
38.51613758,-121.4111198
38.63136239,-121.5298996
38.45387196,-121.4362238
38.55119375,-121.4609781
38.53046628,-121.4433516
38.54983126,-121.3848854
38.52393354,-121.4438954
38.49477029,-121.5467908
38.59540732,-121.4978798
38.54105373,-121.4431606
38.49793266,-121.5076046
38.61613902,-121.5185481
38.53275029,-121.4737305
38.57566567,-121.4669217
38.67792841,-121.5246636
38.461159,-121.4327124
38.57905171,-121.4976906
38.62968232,-121.446116
38.53457035,-121.4670223
38.65599922,-121.5120524
38.52904451,-121.4727965
38.54031271,-121.4755662
38.53306765,-121.4178811
38.52258034,-121.4177778
38.50022327,-121.4124426
38.46448285,-121.4605041
38.54751665,-121.4509881
38.55199422,-121.4960208
38.62901851,-121.4584643
38.52790402,-121.4160005
38.57005626,-121.4827802
38.61382368,-121.4300978
38.63862878,-121.3815598
38.53802555,-121.4750062
38.47392424,-121.4786384
38.53855659,-121.4746387
38.63523107,-121.4413746
38.52164684,-121.4709707
38.62232615,-121.456597
38.53362535,-121.4705253
38.57394387,-121.4728985
38.53513366,-121.4743108
38.61022833,-121.49689
38.542873,-121.4936866
38.47237623,-121.4573114
38.45896341,-121.4218653
38.44466172,-121.4065446
38.62541828,-121.433145
38.65357208,-121.5095127
38.47652401,-121.4964589
38.61780575,-121.5061432
38.63659439,-121.4763493
38.4964544,-121.5428213
38.54480973,-121.4907499
38.47664262,-121.4659839
38.51690753,-121.4316473
38.53627722,-121.4745855
38.52503037,-121.4441455
38.5731745,-121.4117998
38.64303305,-121.5259712
38.46413328,-121.428337
38.47779754,-121.4657412
38.49793266,-121.5076046
38.56607629,-121.4770347
38.56201402,-121.4972545
38.61284481,-121.5050821
38.52241656,-121.4711572
38.62901851,-121.4584643
38.58184562,-121.5011657
38.57621825,-121.4840333
38.62473388,-121.4375154
38.65121663,-121.5349582
38.53700426,-121.4885401
38.61653377,-121.502792
38.61211702,-121.4948783
38.49407763,-121.4673944
38.52488785,-121.4717471
38.52950126,-121.4729994
38.6061587,-121.4590823
38.55396592,-121.4672341
38.57673576,-121.4709329
38.4706931,-121.4271773
38.47295223,-121.4281268
38.60973497,-121.4465194
38.65170411,-121.5387578
38.57585352,-121.5068254
38.6305534,-121.5227706
38.56811616,-121.464939
38.61291591,-121.4904489
38.63020663,-121.4959999
38.57868528,-121.5037764
38.64394428,-121.4477453
38.52488785,-121.4717471
38.53627722,-121.4745855
38.54146972,-121.4254625
38.53452891,-121.4741684
38.5952625,-121.4855296
38.67520381,-121.514569
38.57201606,-121.4692575
38.52904451,-121.4727965
38.59367176,-121.4828749
38.54388351,-121.4758022
38.55735796,-121.4764341
38.60956685,-121.4504263
38.48934244,-121.4859396
38.52659231,-121.4721784
38.49622629,-121.4821968
38.57639629,-121.4808628
38.64662608,-121.5027081
38.55519626,-121.479335
38.56283051,-121.4739878
38.63934503,-121.4252022
38.60530838,-121.4569331
38.55792771,-121.43864
38.6061587,-121.4590823
38.63583009,-121.5252034
38.66845937,-121.5210631
38.48934244,-121.4859396
38.64205073,-121.4155099
38.51585289,-121.4383522
38.62776914,-121.5221311
38.48230213,-121.4530858
38.5554124,-121.4093934
38.63722545,-121.4336252
38.62197217,-121.4253528
38.56204963,-121.4847478
38.58026647,-121.4979339
38.63651305,-121.4328187
38.53293723,-121.4264051
38.525334,-121.4811363
38.63766971,-121.4581955
38.57495865,-121.418725
38.53971204,-121.4388358
38.50530823,-121.3968674
38.51975733,-121.4394225
38.6017616,-121.4258271
38.47644582,-121.5396169
38.43908972,-121.4129032
38.5457523,-121.4617849
38.63914751,-121.3779211
38.52507559,-121.427517
38.47581524,-121.4196575
38.63914751,-121.3779211
38.51549756,-121.5284886
38.59345125,-121.4839192
38.5248104,-121.483171
38.61610077,-121.445518
38.63464848,-121.4184028
38.62491505,-121.462962
38.4840374,-121.4665679
38.44603928,-121.4399204
38.57495865,-121.418725
38.63387807,-121.4191898
38.59375853,-121.4826293
38.58026647,-121.4979339
38.53366299,-121.4739615
38.56696743,-121.4426296
38.5399031,-121.4754644
38.47433721,-121.4189709
38.53513366,-121.4743108
38.61062598,-121.4572426
38.44924455,-121.4086541
38.63491454,-121.4150713
38.55950557,-121.5103761
38.60750643,-121.4531229
38.54976013,-121.4107934
38.60034763,-121.4286413
38.51441882,-121.5010951
38.51441882,-121.5010951
38.58026647,-121.4979339
38.65420479,-121.4621144
38.62249154,-121.4918261
38.57127936,-121.4427953
38.54016571,-121.500048
38.50567194,-121.4050591
38.52488785,-121.4717471
38.54935269,-121.4738249
38.56201402,-121.4972545
38.4620837,-121.4231427
38.60459979,-121.4233896
38.52904451,-121.4727965
38.61112011,-121.4461937
38.55646174,-121.4689745
38.56796664,-121.4852542
38.48006405,-121.4331072
38.53366299,-121.4739615
38.57035191,-121.4710327
38.57109651,-121.4621919
38.56473346,-121.4831336
38.57593958,-121.4849693
38.56783954,-121.4881721
38.52488785,-121.4717471
38.63862878,-121.3815598
38.48006405,-121.4331072
38.49035188,-121.5502532
38.6017616,-121.4258271
38.55835434,-121.4377169
38.62821864,-121.4472475
38.56226855,-121.4705855
38.62309594,-121.4395025
38.52652786,-121.4443436
38.60534892,-121.4372414
38.60812197,-121.5254614
38.55575132,-121.411779
38.57011311,-121.4770995
38.5803421,-121.4970134
38.53381252,-121.4136728
38.47824756,-121.4856527
38.58354799,-121.4873108
38.61872555,-121.4884088
38.53874125,-121.4778223
38.56713032,-121.4855226
38.48151147,-121.4684313
38.48524112,-121.4709678
38.63014101,-121.4438475
38.46977532,-121.4348584
38.61701846,-121.4444853
38.54675579,-121.4538401
38.55465448,-121.4605673
38.51688672,-121.4224553
38.59836815,-121.4769484
38.6066633,-121.4219976
38.56824234,-121.4805829
38.51042757,-121.5419071
38.48306838,-121.4774573
38.61601768,-121.4971012
38.57052225,-121.4521612
38.55500397,-121.4714437
38.62821864,-121.4472475
38.55301886,-121.4649158
38.62821864,-121.4472475
38.62821864,-121.4472475
38.51449255,-121.5016363
38.57129439,-121.4839465
38.4814126,-121.491628
38.55564283,-121.4147524
38.55728421,-121.4119063
38.60503971,-121.533926
38.51550222,-121.5189506
38.50158391,-121.5456364
38.54836976,-121.4787065
38.47333291,-121.4414006
38.63153005,-121.4767715
38.50736055,-121.4034305
38.47421612,-121.42717
38.55580579,-121.410072
38.5351352,-121.4656547
38.49115403,-121.500178
38.57901339,-121.4827538
38.681468,-121.5206849
38.57871645,-121.4802163
38.57873639,-121.490882
38.52477943,-121.5081919
38.52450018,-121.5155483
38.57809363,-121.4803293
38.57982154,-121.4713893
38.54906486,-121.4282022
38.53514629,-121.4937694
38.53959695,-121.4276732
38.57725646,-121.5029189
38.58647665,-121.4845539
38.58000574,-121.4583676
38.58239929,-121.4797242
38.55450173,-121.4673106
38.54304388,-121.4557181
38.44864964,-121.431834
38.51053389,-121.4800276
38.57787671,-121.5041214
38.63067848,-121.5035265
38.4948468,-121.4912459
38.61202895,-121.4531127
38.62538799,-121.5076029
38.62444145,-121.462682
38.54679037,-121.4606267
38.51385568,-121.5292089
38.54116369,-121.473693
38.56667405,-121.4148963
38.47995503,-121.5108445
38.4875421,-121.4549812
38.62127582,-121.4481729
38.65407136,-121.5048798
38.59102751,-121.4835098
38.56890733,-121.4962231
38.61328803,-121.4913982
38.57834697,-121.4750103
38.61509104,-121.4861775
38.56687886,-121.4765951
38.58121716,-121.4818667
38.56636818,-121.4284238
38.48362651,-121.4824978
38.49793266,-121.5076046
38.53952458,-121.4647617
38.5791674,-121.4984069
38.5550754,-121.4684533
38.56702195,-121.4436889
38.63115849,-121.4747614
38.61499899,-121.423449
38.62860503,-121.4385176
38.61833093,-121.4484897
38.49488316,-121.5276499
38.48586717,-121.4892835
38.61355775,-121.4853206
38.57818313,-121.4800802
38.51006027,-121.5427657
38.56276169,-121.4874147
38.47990166,-121.4512387
38.54826969,-121.4278799
38.54501602,-121.4564199
38.49536971,-121.4902673
38.53385981,-121.4689574
38.44512092,-121.440804
38.54010468,-121.4572509
38.51270679,-121.5302929
38.57227839,-121.4192296
38.56250667,-121.4943622
38.54675579,-121.4538401
38.4538236,-121.4426705
38.58026647,-121.4979339
38.50081583,-121.5320589
38.56330538,-121.4949091
38.54900615,-121.3982115
38.57766475,-121.4869857
38.54032454,-121.4514664
38.64494007,-121.4282908
38.49407763,-121.4673944
38.61266168,-121.4261103
38.44896749,-121.4097842
38.53425638,-121.4686118
38.54675579,-121.4538401
38.54676816,-121.455882
38.55735109,-121.471902
38.57711951,-121.4677888
38.56181365,-121.4375953
38.53789542,-121.4808562
38.54672494,-121.4467668
38.65771652,-121.4434361
38.54963467,-121.4652524
38.62058633,-121.4574188
38.64430882,-121.4277987
38.48123472,-121.5076289
38.55743172,-121.4063761
38.68165784,-121.5376811
38.54915301,-121.4096655
38.59683958,-121.4206076
38.57100991,-121.4935219
38.51898355,-121.5006857
38.55117621,-121.4554708
38.5670193,-121.4748628
38.55727813,-121.4614322
38.4735965,-121.4436724
38.46030551,-121.419539
38.54435543,-121.4757183
38.49261747,-121.5510111
38.55513128,-121.4728661
38.57991197,-121.4966071
38.50039746,-121.480381
38.6369007,-121.4174182
38.54146972,-121.4254625
38.61370233,-121.422231
38.5490874,-121.3870109
38.5488551,-121.4908853
38.55033897,-121.4667332
38.53958509,-121.4286068
38.59007055,-121.4856685
38.47345298,-121.4355908
38.55117621,-121.4554708
38.52289837,-121.4973097
38.58165678,-121.5032275
38.64317482,-121.425595
38.54524705,-121.453002
38.55187781,-121.4687673
38.52199137,-121.4990149
38.52438889,-121.4840933
38.47998982,-121.4828734
38.62210918,-121.4954411
38.49050038,-121.4832865
38.55385441,-121.4704591
38.55187781,-121.4687673
38.64268168,-121.4291563
38.6017616,-121.4258271
38.57642774,-121.4848294
38.62821864,-121.4472475
38.51236009,-121.3802909
38.6051444,-121.4381004
38.60034763,-121.4286413
38.50482469,-121.4270608
38.62298046,-121.4644292
38.58358534,-121.4920473
38.55120344,-121.4678177
38.56201402,-121.4972545
38.56048459,-121.3893645
38.55060706,-121.4689027
38.6017616,-121.4258271
38.58933294,-121.4840539
38.62302147,-121.4199118
38.59127025,-121.4887072
38.56887003,-121.4505999
38.51301073,-121.3911196
38.52224996,-121.4387144
38.59657483,-121.4303406
38.50707525,-121.5190249
38.6017616,-121.4258271
38.5527076,-121.469478
38.47426976,-121.4983924
38.61655968,-121.4461619
38.64062392,-121.4464861
38.50713141,-121.4243199
38.49940254,-121.4627597
38.56559378,-121.5072531
38.5470745,-121.3927171
38.5319862,-121.4459336
38.51993158,-121.41256
38.57991197,-121.4966071
38.61084302,-121.4619761
38.5527076,-121.469478
38.56089025,-121.5047395
38.48791288,-121.4555792
38.56150067,-121.4817231
38.61924127,-121.4250633
38.54528535,-121.464715
38.51476184,-121.3699458
38.46872071,-121.4519324
38.63862878,-121.3815598
38.54120381,-121.4918839
38.579198,-121.4847429
38.58203886,-121.5046032
38.49356691,-121.4597045
38.5820634,-121.4832039
38.6120344,-121.4438767
38.55612335,-121.4724356
38.59753852,-121.4264174
38.5732988,-121.4135687
38.5701967,-121.4865708
38.60558911,-121.4257578
38.61684415,-121.4569468
38.55408112,-121.3935632
38.58105799,-121.4812732
38.66842409,-121.5093439
38.63991928,-121.4137628
38.48306838,-121.4774573
38.53064464,-121.4672369
38.58506592,-121.4884229
38.58052209,-121.4986248
38.55727813,-121.4614322
38.56602524,-121.4996535
38.56990044,-121.4263983
38.58245363,-121.5052755
38.49502927,-121.4847037
38.45718227,-121.4133413
38.64394428,-121.4477453
38.61330451,-121.5283878
38.60027317,-121.4252477
38.53368123,-121.4386909
38.54016571,-121.500048
38.5674553,-121.4913297
38.48255011,-121.5187359
38.59664183,-121.423349
38.64724615,-121.4270748
38.48024572,-121.4309608
38.52568868,-121.4405784
38.54058014,-121.4526742
38.58054256,-121.5052992
38.4706931,-121.4271773
38.47427504,-121.4465943
38.63862878,-121.3815598
38.54990015,-121.4662539
38.47581524,-121.4196575
38.4748515,-121.4196758
38.61713742,-121.4591775
38.60297489,-121.4494903
38.62149994,-121.4873914
38.66336311,-121.499019
38.56758379,-121.4064316
38.4748515,-121.4196758
38.54116339,-121.4676269
38.49838615,-121.4788756
38.54904531,-121.4648791
38.55502121,-121.4102219
38.4748515,-121.4196758
38.58165673,-121.4905778
38.5448578,-121.4560574
38.5766684,-121.487703
38.57227839,-121.4192296
38.45090003,-121.4411429
38.46716553,-121.4196649
38.61421301,-121.4925571
38.4748515,-121.4196758
38.4748515,-121.4196758
38.50632179,-121.4333041
38.4748515,-121.4196758
38.57182945,-121.4894307
38.51787398,-121.4361099
38.48149132,-121.4724244
38.50575492,-121.4364293
38.57161193,-121.4667631
38.53124355,-121.4935943
38.54929974,-121.3882189
38.48383794,-121.4806587
38.57217417,-121.4935172
38.58006128,-121.4825153
38.47708652,-121.4229307
38.53908574,-121.479928
38.62715506,-121.5270605
38.48124245,-121.5408716
38.56975838,-121.4849475
38.63028592,-121.4921486
38.54325918,-121.4659749
38.52199137,-121.4990149
38.5057826,-121.4359118
38.54213786,-121.4598507
38.60826775,-121.4608861
38.54057916,-121.4571284
38.61335197,-121.4872155
38.47421612,-121.42717
38.51461765,-121.4239241
38.53572042,-121.4447335
38.61195044,-121.502068
38.54847637,-121.4683381
38.52718667,-121.4712477
38.61038295,-121.4546092
38.50854126,-121.4894813
38.43922779,-121.4190329
38.59800846,-121.4237298
38.5688053,-121.4031406
38.52274391,-121.4749018
38.51029065,-121.4180143
38.66835409,-121.5215017
38.61041617,-121.4223802
38.64756239,-121.452735
38.59613108,-121.4316807
38.58682254,-121.4932417
38.51637084,-121.4347587
38.4999899,-121.5418098
38.52506274,-121.4091236
38.56130403,-121.4113171
38.48368063,-121.4891105
38.61607415,-121.4818759
38.55269382,-121.4274073
38.67987056,-121.5025952
38.50710344,-121.51329
38.64749419,-121.4430328
38.50710633,-121.4259032
38.49407763,-121.4673944
38.6389926,-121.4447167
38.48140918,-121.4933503
38.626632,-121.4325857
38.62541828,-121.433145
38.52718667,-121.4712477
38.62541828,-121.433145
38.60930232,-121.4461973
38.55050416,-121.4070072
38.47193989,-121.4294237
38.63008563,-121.4313085
38.61021151,-121.4514503
38.64317482,-121.425595
38.51610082,-121.4152408
38.52903211,-121.4647145
38.6836334,-121.5373039
38.48789589,-121.4636952
38.48046885,-121.4550456
38.55255786,-121.5044547
38.58207989,-121.5000936
38.61112661,-121.4487064
38.6206848,-121.510985
38.53312798,-121.4734551
38.54454492,-121.4566752
38.65550746,-121.5556894
38.62031333,-121.4364722
38.53218208,-121.4953461
38.57381016,-121.4736865
38.4756653,-121.4866458
38.64011428,-121.4291698
38.4756653,-121.4866458
38.5906691,-121.481959
38.57315943,-121.4865389
38.55544996,-121.4498884
38.60154457,-121.42747
38.59803885,-121.4259795
38.482495,-121.4757532
38.47157245,-121.429528
38.64444404,-121.4576293
38.63737093,-121.4495678
38.61564793,-121.4427075
38.52497346,-121.4425904
38.45718227,-121.4133413
38.48140918,-121.4933503
38.54471974,-121.4564781
38.56833498,-121.4671338
38.57970173,-121.4277082
38.48784967,-121.4986814
38.47267772,-121.4370954
38.43908972,-121.4129032
38.56148913,-121.4403257
38.63312517,-121.4312633
38.64074857,-121.4291647
38.61564793,-121.4427075
38.575947,-121.4817091
38.61564793,-121.4427075
38.47431447,-121.4348784
38.63248017,-121.4164146
38.58197259,-121.4994087
38.64145221,-121.4399954
38.53106486,-121.4462065
38.63466859,-121.4301867
38.59513553,-121.4280253
38.62404517,-121.4359282
38.56940229,-121.4711377
38.48054957,-121.4664647
38.63279391,-121.425346
38.56263789,-121.4818128
38.4411728,-121.4116082
38.56073073,-121.5091926
38.56859703,-121.4819129
38.62541828,-121.433145
38.63647881,-121.4297591
38.6274483,-121.5084533
38.56307815,-121.505882
38.56055178,-121.455665
38.63862878,-121.3815598
38.525812,-121.5173431
38.5738419,-121.4692124
38.60668493,-121.4600477
38.46971274,-121.450353
38.62879718,-121.4317459
38.62879718,-121.4317459
38.47620226,-121.4982461
38.55199422,-121.4960208
38.62700562,-121.5115613
38.57550673,-121.5021475
38.53157904,-121.407542
38.62278626,-121.4356686
38.55777986,-121.5120281
38.5590559,-121.5111836
38.50576856,-121.4181141
38.63393225,-121.4306582
38.62013416,-121.4207473
38.62130809,-121.4360584
38.47390968,-121.4425627
38.58203886,-121.5046032
38.55096189,-121.4702323
38.44801831,-121.4352434
38.47087617,-121.4297711
38.53851829,-121.4283286
38.61843224,-121.4370121
38.62259183,-121.4859274
38.61363201,-121.4460587
38.48899394,-121.5251663
38.57991197,-121.4966071
38.50713141,-121.4243199
38.48823968,-121.4806581
38.48934244,-121.4859396
38.62863462,-121.4412303
38.52615247,-121.3884382
38.61564793,-121.4427075
38.44613053,-121.4097064
38.58373458,-121.486043
38.63862878,-121.3815598
38.52474322,-121.5238205
38.50773512,-121.4762318
38.6247477,-121.4307875
38.56268259,-121.4918953
38.56536191,-121.4090347
38.63292418,-121.4305962
38.54818818,-121.3940644
38.61564793,-121.4427075
38.61675238,-121.501905
38.65024515,-121.5091329
38.49575914,-121.4827348
38.63715334,-121.3829415
38.54276722,-121.4535315
38.55317669,-121.4882773
38.56623766,-121.4854695
38.61112661,-121.4487064
38.64011428,-121.4291698
38.60880668,-121.4528434
38.56201402,-121.4972545
38.51698304,-121.421399
38.48072279,-121.487144
38.60407552,-121.4634269
38.53527057,-121.4933036
38.53499467,-121.4101636
38.44383839,-121.4245504
38.4702938,-121.4347565
38.51491299,-121.4320057
38.58079457,-121.4918433
38.62352342,-121.4280845
38.61401423,-121.5300525
38.58615671,-121.4879497
38.47849643,-121.4854238
38.49549964,-121.5121112
38.51828144,-121.4363269
38.63069377,-121.4912285
38.62732227,-121.4464214
38.60154457,-121.42747
38.54016571,-121.500048
38.54619323,-121.4813727
38.64004786,-121.4408887
38.6270814,-121.4984478
38.61465862,-121.4921059
38.60956898,-121.4968142
38.56321928,-121.4984736
38.48616681,-121.4638829
38.55464254,-121.4722717
38.61812954,-121.459947
38.58357633,-121.4893746
38.4726202,-121.4237492
38.60870001,-121.4767011
38.52933607,-121.4735075
38.54911008,-121.4718056
38.64450436,-121.4511933
38.55426465,-121.4665115
38.48136888,-121.4966972
38.48136888,-121.4966972
38.53881527,-121.479014
38.65599922,-121.5120524
38.56326638,-121.465437
38.61154684,-121.4802044
38.44511463,-121.4194843
38.46257018,-121.4394172
38.53809209,-121.4691287
38.62848932,-121.5236456
38.55468143,-121.4711664
38.62906044,-121.4863638
38.54783739,-121.4243203
38.65731154,-121.5119979
38.47390737,-121.4420842
38.61312045,-121.4639783
38.57993959,-121.482936
38.53519,-121.4091587
38.67801954,-121.4936544
38.61354404,-121.501014
38.62514818,-121.4940089
38.63573789,-121.442841
38.58029426,-121.4842662
38.47994748,-121.4311763
38.56312416,-121.4739507
38.51876369,-121.5128785
38.51052171,-121.4274484
38.54394982,-121.466281
38.4689635,-121.4211836
38.66183536,-121.5077537
38.60468382,-121.4315006
38.54783739,-121.4243203
38.44408174,-121.4232391
38.45300832,-121.4398868
38.56263065,-121.4765423
38.55125471,-121.4071828
38.65588957,-121.5219811
38.52796591,-121.4367887
38.61737298,-121.5089847
38.62649659,-121.4971988
38.46353269,-121.4196769
38.54233994,-121.4399759
38.5298745,-121.5059335
38.55729053,-121.4889962
38.56317157,-121.4838724
38.52935875,-121.4471706
38.53065491,-121.5184395
38.53627316,-121.434692
38.52187978,-121.5127489
38.63056637,-121.4386701
38.47211319,-121.4521928
38.48797175,-121.5475886
38.60996158,-121.4936477
38.56522094,-121.4489247
38.65798545,-121.541883
38.4909248,-121.5361031
38.59049989,-121.4858893
38.55706875,-121.4149051
38.50595853,-121.4342645
38.53259228,-121.4200034
38.58451688,-121.4897002
38.5790575,-121.4809519
38.48094352,-121.4417288
38.44863716,-121.4354515
38.45370726,-121.4390572
38.5766684,-121.487703
38.65735092,-121.5102676
38.66739173,-121.495299
38.47216444,-121.4382695
38.5154256,-121.5196746
38.56764212,-121.4808391
38.61853144,-121.4542983
38.57476286,-121.4958669
38.57001413,-121.466838
38.51767414,-121.4184854
38.63365507,-121.500334
38.63307512,-121.4926223
38.64379236,-121.4481351
38.63398247,-121.4398335
38.53127512,-121.4742028
38.46990907,-121.4483361
38.64379236,-121.4481351
38.44809977,-121.4272467
38.57110778,-121.4557908
38.56841979,-121.4061343
38.63475409,-121.4347477
38.48507025,-121.5010974
38.56148913,-121.4403257
38.52199137,-121.4990149
38.5514883,-121.4380403
38.58376783,-121.4892123
38.62032474,-121.4867838
38.45400615,-121.428879
38.62071088,-121.45998
38.61364029,-121.4369555
38.63199179,-121.4732289
38.46447974,-121.4563236
38.55004952,-121.4883801
38.63022952,-121.463195
38.64733599,-121.4291435
38.48401564,-121.4891116
38.65602893,-121.4646676
38.65733301,-121.4952127
38.54100057,-121.4458147
38.53953965,-121.4746419
38.65369344,-121.4326189
38.63610422,-121.4575422
38.53157904,-121.407542
38.59124596,-121.4832354
38.52487561,-121.4836319
38.44386605,-121.4120435
38.59891162,-121.4258885
38.61547541,-121.5089523
38.53737362,-121.4832933
38.51749164,-121.4090255
38.63862878,-121.3815598
38.53696024,-121.4829606
38.54016571,-121.500048
38.52716098,-121.5155442
38.53627722,-121.4745855
38.63831524,-121.4524033
38.58062786,-121.5014996
38.63748393,-121.4320162
38.46691818,-121.4499484
38.58245363,-121.5052755
38.44063532,-121.41229
38.55309324,-121.4366149
38.49406933,-121.495549
38.63585275,-121.5031054
38.63623413,-121.418649
38.63533654,-121.4387656
38.62694709,-121.4472084
38.56342315,-121.4867244
38.484472,-121.5320507
38.45879792,-121.4250202
38.61164049,-121.5379286
38.52472132,-121.4132581
38.52547643,-121.4084001
38.55497273,-121.4797003
38.48934244,-121.4859396
38.606174,-121.464146
38.49502927,-121.4847037
38.58270622,-121.4976159
38.61642852,-121.4497539
38.57633475,-121.4812236
38.52859553,-121.5016007
38.50675753,-121.4122246
38.48745321,-121.4859358
38.63402001,-121.4430645
38.62968232,-121.446116
38.53748322,-121.4645183
38.5425266,-121.504374
38.52497346,-121.4425904
38.58243257,-121.4890469
38.56572433,-121.4757152
38.61747853,-121.4706061
38.56148913,-121.4403257
38.53744558,-121.4718639
38.48078458,-121.4573698
38.63610422,-121.4575422
38.52563317,-121.4421623
38.5752348,-121.4790384
38.60034763,-121.4286413
38.49923025,-121.5469337
38.51181739,-121.4402677
38.65799,-121.5004471
38.58396965,-121.4888995
38.55169404,-121.464048
38.63610422,-121.4575422
38.64299789,-121.5194346
38.582786,-121.5027369
38.58196942,-121.4679136
38.56389477,-121.4779775
38.59308341,-121.4864165
38.61199425,-121.4244182
38.65798793,-121.5006047
38.58062786,-121.5014996
38.63293804,-121.4939291
38.54888073,-121.4063599
38.62229397,-121.4550081
38.51374661,-121.4775822
38.52862804,-121.4256917
38.64628124,-121.4553219
38.51426513,-121.5101062
38.58615671,-121.4879497
38.51056884,-121.5470994
38.5379356,-121.427662
38.51846135,-121.421048
38.47731868,-121.4270962
38.49478793,-121.4792548
38.51058143,-121.4328824
38.48709291,-121.4772322
38.53544489,-121.4451097
38.59049989,-121.4858893
38.4801723,-121.4837664
38.53555705,-121.5153055
38.54539286,-121.4618436
38.62011633,-121.4893334
38.63486377,-121.4213663
38.56673694,-121.5023171
38.6348368,-121.4427536
38.63031252,-121.4327805
38.56342471,-121.4436785
38.54146972,-121.4254625
38.55735796,-121.4764341
38.57188611,-121.4648897
38.5490874,-121.3870109
38.60880668,-121.4528434
38.6060748,-121.4569973
38.53720874,-121.4190115
38.57201606,-121.4692575
38.5609783,-121.4877457
38.58239537,-121.4974852
38.57514018,-121.4879903
38.46971274,-121.450353
38.60613913,-121.455492
38.49171786,-121.5218221
38.49171786,-121.5218221
38.55827881,-121.4766477
38.5813034,-121.5047063
38.50901528,-121.5423774
38.49466185,-121.5212433
38.5128419,-121.3805279
38.5535955,-121.5108328
38.47650897,-121.4271656
38.5448578,-121.4560574
38.52084905,-121.4120841
38.62680826,-121.5096933
38.46541304,-121.4272581
38.63020663,-121.4959999
38.52940564,-121.4725037
38.65599922,-121.5120524
38.57015733,-121.4693168
38.62296938,-121.4806917
38.65798545,-121.541883
38.47295223,-121.4281268
38.62584659,-121.4898419
38.57216608,-121.4672451
38.63715334,-121.3829415
38.62379772,-121.4415307
38.47521595,-121.4217163
38.66258951,-121.4935049
38.48651138,-121.5184681
38.56684956,-121.4707544
38.5149777,-121.4351262
38.59214104,-121.4894043
38.52478964,-121.370871
38.4967273,-121.4703481
38.5242556,-121.4107732
38.53297648,-121.4703448
38.48740985,-121.4811463
38.52497346,-121.4425904
38.47177154,-121.4484859
38.55549156,-121.4109174
38.60130769,-121.4652253
38.57188611,-121.4648897
38.61223942,-121.4939815
38.49097097,-121.4947044
38.50457486,-121.4787326
38.47531506,-121.4487485
38.52498732,-121.4403427
38.51031519,-121.4771985
38.63258514,-121.4382061
38.43891434,-121.4200444
38.51542968,-121.5193356
38.64727956,-121.5078403
38.47846862,-121.4342202
38.58364167,-121.4739148
38.57188611,-121.4648897
38.50105448,-121.5436794
38.64479784,-121.4581238
38.63486324,-121.4174243
38.53699185,-121.4146606
38.49521557,-121.4730323
38.52703823,-121.4120436
38.62428352,-121.4611955
38.47902907,-121.4303627
38.62260674,-121.4549497
38.49742308,-121.47238
38.60154457,-121.42747
38.5738419,-121.4692124
38.46849636,-121.427181
38.62642786,-121.4570278
38.53522747,-121.4176327
38.65213863,-121.450154
38.62596616,-121.4362525
38.5500869,-121.4350231
38.5173841,-121.438141
38.58794604,-121.4809362
38.63483426,-121.424815
38.58203886,-121.5046032
38.43891434,-121.4200444
38.55426406,-121.4546045
38.67684158,-121.5248005
38.62080937,-121.481537
38.51852642,-121.473755
38.56322381,-121.4735232
38.57566567,-121.4669217
38.48254436,-121.518673
38.54677938,-121.4341752
38.53384496,-121.481424
38.57602331,-121.4682622
38.47484895,-121.4512042
38.45210678,-121.444828
38.61735652,-121.4837251
38.63087775,-121.5282155
38.62415595,-121.4956821
38.61677548,-121.4385127
38.62663415,-121.5279355
38.54735161,-121.489931
38.53736094,-121.4725708
38.63095078,-121.45769
38.61357608,-121.4516169
38.49590431,-121.5235515
38.49515388,-121.460842
38.53122066,-121.4736999
38.5672313,-121.513317
38.54716857,-121.4920163
38.47704147,-121.5140712
38.55498681,-121.4443318
38.58175835,-121.4943412
38.56203149,-121.4673942
38.66188461,-121.4468253
38.52412152,-121.4222989
38.45583883,-121.4380731
38.47623848,-121.4558673
38.55453847,-121.4418944
38.55627023,-121.3868967
38.56718102,-121.4657994
38.64310734,-121.4170313
38.47059568,-121.4605802
38.55720151,-121.4758443
38.60605186,-121.4486547
38.54417762,-121.4728456
38.59279731,-121.485061
38.58352799,-121.5054395
38.61149042,-121.491621
38.61975623,-121.4485207
38.52201375,-121.4274961
38.50654024,-121.4797946
38.4746867,-121.4279312
38.48530689,-121.4800191
38.44546938,-121.4272922
38.54176204,-121.4688287
38.52532233,-121.4431889
38.64071644,-121.4265496
38.47732859,-121.4803322
38.61242942,-121.4853777
38.4742413,-121.4256049
38.47895451,-121.4341919
38.52379405,-121.4177784
38.57523636,-121.5012154
38.47081133,-121.4338966
38.52215421,-121.5199334
38.61156094,-121.4821257
38.52535327,-121.5049581
38.66394046,-121.5062227
38.57484527,-121.4821859
38.53916445,-121.4465807
38.63627784,-121.4252094
38.48249686,-121.5003573
38.57484527,-121.4821859
38.45543072,-121.4394173
38.44430924,-121.4303531
38.56825264,-121.4884455
38.58113729,-121.5069638
38.50642969,-121.5398814
38.56646578,-121.4739085
38.57949676,-121.499643
38.47415053,-121.4949736
38.65543537,-121.5223763
38.61437028,-121.5171426
38.53437468,-121.4943972
38.5537181,-121.5035129
38.5490874,-121.3870109
38.48216993,-121.4623688
38.5699709,-121.5053446
38.67232741,-121.5135763
38.48808074,-121.5148695
38.6134143,-121.4396171
38.52619478,-121.4311783
38.49575914,-121.4827348
38.62911104,-121.497905
38.57798348,-121.4634062
38.55005116,-121.408095
38.51848054,-121.4818397
38.64481568,-121.4192897
38.5249316,-121.4476033
38.52718667,-121.4712477
38.46985008,-121.4596812
38.6382863,-121.429335
38.5730919,-121.43886
38.60468375,-121.5227128
38.56859703,-121.4819129
38.52718667,-121.4712477
38.61812954,-121.459947
38.49856307,-121.4706699
38.61286363,-121.4427258
38.48285946,-121.5029365
38.63228581,-121.4303283
38.65658596,-121.4430247
38.64378844,-121.5341593
38.47489614,-121.4375984
38.51881709,-121.4397584
38.61661868,-121.449322
38.59994183,-121.4276508
38.49347928,-121.4704421
38.54066622,-121.4517155
38.63075126,-121.4862116
38.55136292,-121.4572213
38.55952278,-121.4622826
38.52555689,-121.4836969
38.60240036,-121.4295032
38.61140992,-121.4476543
38.51018807,-121.4880681
38.62042639,-121.457861
38.61292566,-121.4932977
38.54085269,-121.4753525
38.58245363,-121.5052755
38.55805348,-121.4790449
38.63221601,-121.4488234
38.55575132,-121.411779
38.5376211,-121.4676218
38.65599922,-121.5120524
38.61308889,-121.4879558
38.66706644,-121.5149397
38.47377656,-121.4383197
38.62503478,-121.4418186
38.54913129,-121.4692389
38.6296517,-121.4755286
38.53874125,-121.4778223
38.51848156,-121.4814552
38.52497346,-121.4425904
38.57495865,-121.418725
38.60968463,-121.4770508
38.61124309,-121.4755625
38.54701012,-121.4089209
38.56270817,-121.474863
38.56201402,-121.4972545
38.50576856,-121.4181141
38.6017616,-121.4258271
38.6323599,-121.4370597
38.62320968,-121.4670947
38.47375784,-121.4568119
38.61844752,-121.4487548
38.46465639,-121.4358838
38.53877351,-121.465047
38.5663989,-121.4965346
38.65023973,-121.5085026
38.55981942,-121.4257169
38.65069763,-121.456104
38.60027317,-121.4252477
38.6364856,-121.4305818
38.63921174,-121.4215936
38.55349495,-121.4723187
38.61878441,-121.4243039
38.52718667,-121.4712477
38.50576856,-121.4181141
38.57938174,-121.4959147
38.54783739,-121.4243203
38.55196925,-121.4653678
38.62011633,-121.4893334
38.6017616,-121.4258271
38.48463859,-121.5304705
38.50809786,-121.4848506
38.5722972,-121.4773354
38.511009,-121.4794301
38.45814178,-121.428371
38.47421612,-121.42717
38.52941329,-121.4964039
38.60108154,-121.456171
38.61584425,-121.4227982
38.62510114,-121.4901693
38.579563,-121.4952908
38.54677899,-121.4593645
38.49063924,-121.54231
38.5077414,-121.5389783
38.5755613,-121.5091396
38.48839224,-121.4816108
38.63647881,-121.4297591
38.4706931,-121.4271773
38.49832634,-121.5426241
38.60888881,-121.4350612
38.6308389,-121.4769551
38.51585289,-121.4383522
38.60134596,-121.4306279
38.47591105,-121.4312015
38.60154457,-121.42747
38.48151147,-121.4684313
38.63862878,-121.3815598
38.49574798,-121.4857747
38.47392039,-121.441368
38.556361,-121.4069516
38.57905171,-121.4976906
38.53411717,-121.4125586
38.62939722,-121.4806029
38.56201402,-121.4972545
38.49596852,-121.4653782
38.6017616,-121.4258271
38.58165459,-121.4951045
38.61435185,-121.4438516
38.57274295,-121.4696858
38.67160923,-121.5093115
38.50576856,-121.4181141
38.66842409,-121.5093439
38.64731678,-121.4577335
38.60950253,-121.5213017
38.64603297,-121.4603623
38.52199137,-121.4990149
38.49645546,-121.5233627
38.52145084,-121.4409716
38.51052896,-121.4233804
38.51054018,-121.4152234
38.52488785,-121.4717471
38.49364271,-121.4725547
38.53627695,-121.4929888
38.52393677,-121.4400119
38.62939722,-121.4806029
38.49156732,-121.505615
38.62741952,-121.4978994
38.52488785,-121.4717471
38.57966477,-121.4984909
38.63862878,-121.3815598
38.48452574,-121.4803392
38.46703034,-121.447555
38.53121355,-121.4509002
38.55196925,-121.4653678
38.62741952,-121.4978994
38.57440554,-121.4945262
38.5249316,-121.4476033
38.63331793,-121.4823352
38.4748515,-121.4196758
38.63592424,-121.4308978
38.56987859,-121.4910186
38.47833936,-121.4518481
38.52472122,-121.497206
38.55905282,-121.4919771
38.64304161,-121.5321299
38.59891162,-121.4258885
38.54802942,-121.4666875
38.57227839,-121.4192296
38.57884334,-121.4834127
38.54176204,-121.4688287
38.47428454,-121.4227089
38.46475681,-121.4289328
38.64330227,-121.4618676
38.63993888,-121.435967
38.4706931,-121.4271773
38.63862878,-121.3815598
38.63862878,-121.3815598
38.55612335,-121.4724356
38.48146892,-121.475345
38.57203045,-121.4670118
38.52597099,-121.419844
38.62741952,-121.4978994
38.57943348,-121.4705946
38.63678539,-121.4368602
38.59808509,-121.4275537
38.56722246,-121.4357584
38.47421612,-121.42717
38.48045537,-121.4856682
38.63862878,-121.3815598
38.47581524,-121.4196575
38.52875394,-121.4401734
38.57960099,-121.4907988
38.60911743,-121.4840542
38.61489271,-121.4768376
38.54118933,-121.4607739